0.001341 126
1.740018 1
0.078570 1
0.199970 1
0.131135 1
0.124746 1
0.095046 1
0.514408 1
0.191694 1
0.101197 1
0.258426 1
0.117304 1
0.062405 1
0.292728 11
0.004432 160
1.374057 3
0.198145 7
0.358071 11
1.317948 7
0.004721 33
0.004999 93
0.084998 5
0.200825 7
0.017484 4095
0.000008 1681
0.000062 988
0.000133 2223
0.000050 988
0.000638 1976
0.000142 743
1.782598 16
0.126553 276
0.011765 2477
0.000130 988
0.000605 1235
0.000484 4095
0.000012 3980
0.066477 159
1.558451 120
0.000214 28
0.476120 340
0.019772 166
0.017971 417
0.020663 152
0.427903 1
0.002753 107
0.650733 79
0.124053 71
0.000493 69
0.101604 72
0.001786 73
0.000994 82
0.002688 364
0.389410 99
0.000075 65
0.147551 109
0.104699 109
0.156959 109
1.195868 321
0.739993 73
0.000214 71
0.121775 70
0.000348 69
0.063179 70
0.027199 114
0.000092 114
0.002174 97
0.002483 197
0.370851 97
0.020763 73
0.000212 71
0.156826 70
0.000396 69
0.195695 70
0.001428 280
0.004049 441
0.001153 21
1.391431 3
0.254113 7
0.069207 11
0.418075 9
0.000652 126
1.054583 1
0.227351 1
0.121388 1
0.186333 1
0.075019 17
